0101 0100 1101 0010 0101 0010 1110 0010 1011 0000 = 54D252E2B0
 111 01
 010 0000 1101 0010 0101 0010 1110 0010 1011 0000 = 20D252E2B0
  11 101
  01 1010 1101 0010 0101 0010 1110 0010 1011 0000 = 1AD252E2B0
   1 1101
   0 0111 1101 0010 0101 0010 1110 0010 1011 0000 = 7D252E2B0
      111 01
      000 1001 0010 0101 0010 1110 0010 1011 0000 = 9252E2B0
          1110 1
          0111 1010 0101 0010 1110 0010 1011 0000 = 7A52E2B0
           111 01
           000 1110 0101 0010 1110 0010 1011 0000 = E52E2B0
               1110 1
               0000 1101 0010 1110 0010 1011 0000 = D2E2B0
                    1110 1
                    0011 1010 1110 0010 1011 0000 = 3AE2B0
                      11 101
                      00 0000 1110 0010 1011 0000 = E2B0
                              1110 1
                              0000 1010 1011 0000 = AB0
                                   1110 1
                                   0100 0011 0000 = 430
                                    111 01
                                    011 0111 0000 = 370
                                     11 101
                                     00 1101 0000 = D0
                                        1110 1
                                        0011 1000 = 28
                                          11 101
                                          00 0010 = 2